0.00
21.61
3.93
12.61
30.71
14.24
12.40
24.08
18.47
9.42
19.64
29.07
14.98
19.26
16.54
27.12
7.47
14.48
10.40
20.61
15.16
24.98
13.58
12.39
19.62
11.31
11.98
17.68
11.08
29.17
10.37
32.03
23.49
5.36
19.59
12.52
22.72
21.86
10.24
22.50
16.97
13.36
18.01
26.99
25.64
28.68
9.35
22.42
23.64
23.49
23.46
0.00
20.76
23.44
24.26
28.18
30.45
42.26
32.11
27.48
15.86
44.25
24.62
34.93
11.38
24.17
23.88
11.81
27.31
1.18
28.80
12.05
27.93
22.32
16.99
28.01
29.78
29.06
29.56
38.77
27.79
42.12
27.75
24.80
34.53
22.09
23.66
38.27
29.69
13.45
29.13
32.81
25.66
38.47
42.05
43.86
27.40
34.87
25.62
14.44
3.20
21.32
0.00
9.15
31.61
10.78
10.19
23.30
18.48
7.22
16.18
28.56
16.88
17.04
17.43
29.22
4.01
11.80
12.50
21.02
17.13
21.52
10.11
8.93
20.52
13.41
9.59
19.78
13.18
31.06
12.46
29.80
25.38
7.45
17.13
9.06
19.26
21.35
12.20
19.04
13.51
15.32
14.54
24.76
25.13
28.17
7.14
24.31
20.18
20.03
9.49
21.79
7.25
0.00
34.43
8.01
14.52
27.48
22.70
11.44
14.17
33.80
19.17
18.69
19.17
31.36
7.17
12.26
17.90
21.48
19.39
21.99
7.98
8.33
24.44
18.60
16.39
21.92
19.47
35.49
18.38
31.58
27.76
13.74
18.29
6.43
13.54
26.59
18.62
17.91
7.80
21.75
12.51
26.54
29.80
33.42
11.37
28.74
17.05
18.91
32.48
24.96
31.03
36.54
0.00
38.33
36.29
43.96
33.81
33.42
34.93
40.64
21.00
41.56
19.40
18.46
34.02
30.67
27.20
23.95
30.50
31.13
38.07
35.85
12.92
27.90
34.92
22.34
29.45
33.07
27.68
45.23
20.32
29.18
44.68
35.30
42.73
39.97
33.18
32.52
41.05
36.31
42.50
46.64
41.74
40.38
33.34
29.17
44.69
33.52
11.69
25.51
9.77
7.75
38.65
0.00
12.56
25.77
23.10
10.13
18.00
32.09
23.38
16.98
23.39
35.57
7.51
17.81
21.00
26.05
23.61
26.84
3.64
14.68
28.65
21.90
15.68
26.13
21.68
37.09
20.96
29.87
31.98
15.95
16.58
12.78
11.82
24.88
19.76
20.75
8.64
20.40
7.60
24.82
28.09
31.70
10.06
32.03
13.66
21.74
9.97
29.90
9.98
15.19
39.58
13.18
0.00
17.55
15.72
7.40
24.75
23.88
22.93
8.47
25.40
32.37
8.26
20.37
15.60
29.47
18.04
30.09
10.16
17.50
28.49
15.31
8.57
22.93
15.35
28.87
14.51
21.36
26.92
14.34
8.55
17.30
23.36
16.66
12.80
27.60
17.28
12.90
14.59
16.32
19.88
23.49
7.32
25.86
20.23
28.60
24.03
41.82
24.04
27.87
42.25
25.86
17.95
0.00
18.17
20.64
35.29
14.74
27.82
15.84
36.15
31.84
22.32
34.35
21.36
42.36
19.37
43.16
22.84
31.48
36.93
19.89
16.07
26.85
21.71
18.96
21.02
10.84
30.19
21.77
14.73
29.98
31.20
9.89
20.23
37.06
29.96
17.91
26.04
10.45
2.32
14.35
20.57
29.05
27.49
38.06
20.06
33.63
19.55
26.80
35.48
25.11
14.83
17.49
0.00
16.67
33.88
18.76
17.90
15.09
26.50
25.55
19.20
26.50
11.44
32.63
4.90
39.22
22.09
26.62
27.01
9.96
11.89
16.93
11.78
18.33
11.10
26.73
19.05
14.25
20.51
26.08
35.29
13.50
12.38
36.73
29.22
13.52
26.52
22.82
17.28
18.37
16.60
15.68
32.16
37.73
5.91
25.10
5.18
11.29
34.14
10.60
6.40
21.05
16.30
0.00
19.95
26.31
17.83
14.02
19.96
29.54
3.66
15.57
12.77
24.79
16.52
25.30
8.60
12.70
23.05
13.75
7.80
20.10
13.45
30.45
12.74
26.91
24.78
9.33
13.58
12.83
20.78
19.10
11.60
22.81
14.70
12.92
13.04
21.86
22.88
25.92
1.35
23.71
18.67
23.80
19.23
13.50
16.54
14.55
35.36
17.59
25.86
37.40
33.03
22.79
0.00
44.52
29.50
29.30
22.48
35.27
18.52
13.72
28.24
14.04
29.72
14.84
19.02
18.09
28.09
28.94
25.55
32.25
29.21
45.82
28.50
35.94
38.09
23.48
24.97
17.86
17.47
37.31
28.16
7.74
19.36
31.29
14.55
31.50
36.95
44.14
22.71
39.08
18.06
8.74
29.17
47.00
29.03
34.51
40.04
32.50
23.09
14.35
21.62
24.92
43.81
0.00
30.10
22.48
39.88
29.63
27.46
39.42
24.81
46.00
22.82
49.15
29.48
36.55
35.90
23.34
20.17
26.78
25.15
10.63
24.47
18.80
28.14
25.87
25.75
36.62
42.22
10.93
24.33
46.66
36.60
21.90
33.91
20.22
13.83
3.06
24.85
23.60
36.78
47.65
18.04
25.13
17.50
23.02
22.18
24.80
20.59
26.36
16.21
18.33
29.58
28.35
0.00
23.96
16.86
17.46
19.03
22.20
9.60
24.13
12.90
31.30
24.55
22.32
14.74
10.30
17.32
8.02
11.85
25.08
10.08
35.60
13.86
12.23
28.02
21.77
33.27
22.36
15.58
32.43
27.52
18.71
28.98
31.69
26.15
27.96
18.26
16.97
34.62
33.42
17.03
35.99
17.04
19.98
41.93
17.97
8.97
16.52
15.81
14.22
30.85
22.85
24.34
0.00
29.72
33.78
15.32
26.46
17.01
35.50
17.01
36.18
14.95
23.59
32.81
16.72
9.99
24.34
16.76
27.85
15.92
17.92
27.83
15.75
10.44
22.08
27.52
15.64
14.21
33.38
22.07
13.47
19.38
12.88
18.26
22.46
14.15
26.69
23.81
34.38
19.04
14.80
17.15
22.26
21.45
24.55
22.84
33.13
22.98
19.97
22.09
35.12
14.96
29.61
0.00
21.36
19.70
12.54
18.18
13.80
19.67
20.98
24.30
21.14
12.08
18.88
22.36
19.41
20.43
35.77
18.66
42.37
19.20
15.74
30.90
20.90
28.75
29.14
20.62
22.37
27.27
23.75
28.73
37.33
32.92
34.73
19.90
26.76
32.26
23.37
29.87
22.07
28.42
33.93
14.88
35.71
30.45
31.46
26.02
29.42
32.05
27.98
18.30
33.78
16.52
0.00
31.17
27.78
19.46
21.07
22.72
28.24
35.46
33.24
10.74
19.36
27.18
12.49
21.59
20.41
19.94
32.57
9.18
24.70
37.88
32.69
39.85
32.18
25.22
29.64
38.44
28.57
39.89
33.99
29.08
27.72
29.35
16.51
41.81
30.64
6.24
23.51
4.68
7.63
35.48
8.99
7.76
23.02
18.30
4.68
18.37
28.31
19.17
15.38
20.83
30.88
0.00
13.99
14.11
23.20
18.28
23.71
8.16
11.11
24.39
15.20
9.83
21.44
14.79
32.21
14.08
28.27
26.53
10.50
14.95
10.88
17.74
21.10
13.35
21.22
12.00
15.58
12.59
23.23
24.88
27.92
4.61
25.46
18.23
22.22
13.85
11.38
11.16
13.83
32.23
18.58
20.85
33.88
25.96
17.87
13.01
38.10
22.42
25.32
12.37
32.14
14.27
0.00
21.16
10.38
22.65
15.54
18.32
12.71
23.24
21.86
20.18
25.17
23.41
38.75
21.64
38.21
31.02
18.10
24.92
12.48
21.36
31.94
22.78
15.86
19.52
25.91
22.66
33.17
35.72
37.71
17.80
32.00
24.87
16.86
12.83
28.10
12.32
20.88
28.66
20.92
12.77
21.61
11.54
11.74
27.92
23.68
11.07
16.79
20.98
19.36
13.49
20.97
0.00
27.10
8.23
33.26
17.86
20.66
21.48
2.56
9.51
9.92
3.60
22.64
1.35
29.56
15.76
7.02
20.21
20.55
31.00
17.70
7.76
30.77
25.02
10.89
22.29
24.52
21.48
23.29
11.67
15.90
27.92
31.77
23.53
1.00
20.83
23.51
25.15
28.25
30.52
43.15
32.99
27.54
15.93
45.13
25.50
35.00
12.27
25.05
23.95
11.88
28.20
0.00
29.68
12.12
28.00
22.39
17.88
28.90
29.85
29.94
30.45
39.66
28.68
42.19
28.64
25.69
34.60
22.16
23.73
39.15
30.57
13.52
29.20
33.70
25.73
38.54
42.94
44.74
27.47
35.76
25.68
14.51
17.89
31.46
17.39
24.69
33.32
23.04
12.72
15.42
5.77
14.56
31.72
17.40
15.73
13.02
24.34
24.20
17.09
24.34
9.27
30.46
0.00
37.06
20.02
24.46
24.85
7.80
9.78
14.76
9.62
20.71
8.94
24.66
18.10
12.09
18.44
23.91
33.22
11.42
10.22
34.57
27.14
11.41
24.45
20.75
15.21
17.02
14.49
16.96
30.09
35.56
23.90
8.02
21.21
23.88
29.88
28.62
30.90
43.93
37.71
27.92
18.80
49.20
30.24
35.37
17.00
29.79
24.32
13.80
32.91
8.56
34.39
0.00
28.37
22.76
22.61
33.61
30.22
34.68
33.88
44.40
33.17
45.06
33.38
28.15
34.97
22.53
26.60
41.98
32.83
16.39
29.57
35.96
28.60
41.41
45.77
48.81
27.84
40.50
28.56
17.38
9.89
26.99
9.33
9.51
38.30
4.83
9.06
22.74
19.60
7.55
21.23
29.06
23.04
13.94
23.04
35.23
6.66
17.47
19.07
26.51
21.78
27.19
0.00
14.60
28.31
18.78
12.18
25.79
18.82
34.06
17.98
26.83
30.04
14.15
13.54
13.09
15.53
21.85
16.26
23.97
10.40
16.90
8.18
21.79
25.06
28.67
7.48
28.97
13.82
24.97
14.30
17.70
11.61
11.90
37.03
17.28
20.94
33.97
28.11
18.28
10.94
39.60
24.57
25.17
17.17
36.76
14.18
8.16
23.31
17.40
24.80
17.90
17.78
0.00
28.04
24.01
20.62
27.32
24.28
40.90
23.57
38.06
33.16
18.56
24.78
5.79
17.99
32.39
23.24
13.80
17.60
26.36
19.28
33.02
36.17
39.21
18.20
34.15
21.49
14.79
20.82
18.43
19.37
24.88
15.55
26.67
24.63
33.01
22.86
21.76
28.41
34.99
11.97
30.61
11.14
15.95
22.36
23.16
17.81
17.43
19.55
24.60
26.41
24.19
0.00
18.51
24.15
16.41
20.06
30.56
18.28
42.25
15.83
17.52
33.02
23.64
35.14
29.02
22.40
26.00
29.39
25.53
30.85
38.34
32.80
34.61
21.68
24.10
36.48
26.99
13.82
27.54
13.31
21.23
28.27
21.91
12.59
19.40
9.25
12.73
27.79
21.39
11.07
16.60
20.42
18.80
14.48
20.41
3.20
26.54
5.94
33.13
18.84
20.54
20.92
0.00
9.32
9.36
3.66
21.00
2.98
28.64
14.08
8.01
20.02
19.99
31.49
15.41
6.89
30.64
25.74
10.70
23.28
24.33
19.19
21.00
12.66
14.25
28.91
31.64
12.11
29.96
11.14
17.81
34.64
16.88
7.04
15.85
10.25
7.59
25.92
20.62
17.05
10.92
22.03
26.49
10.18
21.54
9.72
28.96
12.58
31.26
13.37
18.66
25.12
9.43
0.00
17.05
9.47
25.20
8.64
23.68
21.04
8.46
14.45
18.80
27.24
13.41
6.92
28.77
21.22
7.19
17.80
18.64
17.19
20.23
7.52
19.98
23.44
29.77
21.52
30.04
21.01
27.22
22.25
29.00
21.46
26.90
16.75
20.43
33.78
28.84
7.95
24.51
21.77
12.31
22.18
26.40
10.47
29.04
13.44
36.21
26.54
26.52
15.97
10.09
18.20
0.00
12.32
22.57
10.95
36.14
8.54
15.71
28.90
25.98
37.48
22.91
15.95
36.63
31.73
19.58
30.98
32.23
26.69
28.50
20.36
14.10
36.61
37.63
12.90
29.96
12.40
20.96
30.33
21.00
12.85
21.69
13.03
11.82
28.00
25.17
12.74
16.87
22.84
21.32
13.56
22.83
2.89
28.96
9.72
33.34
17.93
20.74
23.32
4.52
9.58
11.88
0.00
24.17
1.48
29.64
17.72
7.10
20.28
20.87
31.07
19.19
7.84
30.85
25.10
10.97
22.36
24.59
22.97
24.78
11.74
17.42
28.00
31.84
29.74
38.99
29.24
37.80
31.80
37.84
27.28
20.60
18.11
28.65
44.84
10.50
23.16
28.19
33.43
21.39
30.40
37.62
21.17
37.99
19.22
45.16
34.65
37.58
27.65
19.71
24.34
19.84
21.47
0.00
20.79
22.14
21.20
23.94
29.09
37.20
45.56
15.84
22.07
46.56
41.94
23.55
39.08
23.56
18.65
10.24
28.58
16.66
40.12
47.55
11.60
28.58
11.10
19.66
29.03
19.70
11.55
20.39
11.73
10.52
26.70
23.87
11.44
15.57
21.45
19.84
12.27
21.45
1.41
27.57
8.42
32.04
16.63
19.44
21.96
3.04
8.28
10.40
2.63
22.87
0.00
28.34
16.24
5.80
18.98
19.58
29.77
17.89
6.54
29.55
23.80
9.67
21.06
23.30
21.67
23.48
10.44
16.12
26.70
30.54
29.95
39.66
29.96
32.79
45.21
30.62
21.89
11.61
26.92
27.15
37.36
18.86
36.57
18.76
42.66
34.80
28.24
39.27
29.95
40.20
28.12
40.99
27.76
36.40
41.07
28.64
22.92
35.61
29.70
21.92
28.86
0.00
38.61
28.68
17.22
34.90
31.06
19.64
27.14
34.90
34.88
25.62
27.25
8.14
11.15
19.61
27.08
33.99
24.70
35.89
24.64
27.91
24.13
30.42
20.00
32.20
24.03
28.52
18.37
23.55
36.98
28.65
12.52
26.12
21.28
8.08
25.30
29.60
13.60
26.90
15.06
34.08
29.67
29.72
13.77
13.49
20.77
6.62
15.72
22.38
14.07
37.76
0.00
18.83
31.47
29.17
40.67
24.53
18.28
35.47
34.92
21.62
34.10
33.85
28.31
28.39
23.48
10.67
39.74
36.47
9.49
28.34
8.98
17.54
29.13
18.54
11.10
19.94
14.40
9.36
24.58
24.92
10.83
15.12
20.35
23.03
10.73
20.20
6.26
27.34
11.10
29.92
15.47
17.32
21.57
7.17
7.83
13.59
6.94
25.02
6.22
27.88
19.35
0.00
18.53
17.46
27.65
17.71
6.09
27.43
21.91
9.22
19.90
22.84
21.49
24.53
9.28
18.28
25.54
28.43
17.29
32.51
17.30
19.60
46.07
17.59
9.79
18.93
20.03
14.05
25.97
26.18
28.48
10.04
31.66
37.92
15.58
26.08
21.15
33.05
21.23
33.84
14.57
23.21
35.81
20.86
14.12
28.48
20.90
29.24
20.06
19.50
32.05
19.89
0.00
21.71
21.88
19.86
18.35
27.74
21.69
17.69
16.72
13.74
18.48
26.68
13.98
30.91
18.17
28.74
12.72
17.32
10.02
9.63
36.65
15.54
18.67
31.70
26.42
16.01
12.16
38.02
22.89
22.90
16.79
35.08
11.91
7.78
21.63
17.02
23.11
17.52
15.51
4.85
27.66
22.33
19.04
25.64
22.70
39.21
21.98
35.79
31.48
16.97
22.50
0.00
19.10
30.80
21.65
15.02
15.32
24.78
20.04
30.75
34.02
37.63
15.93
32.47
22.61
16.01
20.97
21.81
18.74
14.28
43.67
12.40
24.52
34.68
35.06
21.98
18.21
41.94
32.13
28.74
28.65
43.58
18.66
19.64
30.28
22.35
32.35
23.14
15.61
21.21
36.40
31.18
27.64
34.88
30.96
44.99
30.24
30.38
40.72
25.23
24.41
19.31
0.00
36.73
30.11
17.05
17.38
32.36
12.15
26.72
34.23
42.68
21.91
41.71
11.62
18.05
22.87
40.77
22.74
28.76
42.00
27.56
16.80
10.46
15.39
18.63
37.51
7.98
25.04
17.54
33.65
31.59
21.17
33.13
18.58
39.77
16.59
42.85
24.16
30.26
34.15
17.11
13.87
24.07
18.92
12.59
18.24
19.79
27.41
19.57
22.64
30.39
37.74
0.00
18.03
40.36
31.67
15.61
28.59
18.49
9.93
7.59
18.56
25.56
34.23
41.36
13.94
33.07
13.44
22.00
34.04
21.25
10.38
19.22
13.83
12.56
29.03
24.20
16.62
14.40
25.06
24.57
14.62
24.65
8.79
32.07
11.05
34.37
17.74
21.78
26.69
7.33
7.11
15.13
8.26
24.98
7.42
27.17
19.30
8.14
17.81
21.91
31.62
16.99
0.00
31.88
25.68
8.50
22.18
22.12
20.77
23.81
12.49
18.23
27.81
32.88
21.78
10.89
19.08
18.91
32.75
21.95
28.77
39.68
35.58
25.80
8.16
46.93
32.05
33.25
19.87
32.66
22.20
16.27
30.79
11.43
32.27
12.22
23.38
20.64
25.48
31.49
28.10
34.80
31.76
47.26
31.04
35.37
36.24
26.03
29.33
20.41
16.90
39.86
30.71
0.00
23.72
33.84
18.91
31.71
39.22
46.69
25.72
41.63
18.86
4.28
16.74
29.49
14.72
10.26
43.38
11.08
17.79
30.82
28.80
15.18
21.98
37.14
28.12
22.02
28.12
40.31
12.56
21.13
26.04
30.03
28.34
30.82
11.05
17.20
33.39
26.95
21.17
30.87
26.72
42.14
26.00
34.91
36.71
20.99
21.62
15.30
18.40
29.93
24.97
24.73
0.00
26.10
15.58
29.87
33.14
36.75
15.10
37.08
21.27
25.72
16.76
34.98
16.16
22.38
37.28
21.53
10.96
17.73
11.45
12.24
30.94
21.82
19.70
13.13
27.04
27.30
14.75
26.55
12.37
33.98
10.62
36.28
18.02
23.68
29.54
11.12
7.69
18.91
12.12
24.87
11.28
25.90
20.81
11.10
17.95
23.81
31.87
14.61
9.56
33.79
25.79
0.00
22.46
20.86
18.39
21.43
12.17
18.13
28.10
34.78
15.28
23.56
14.72
13.51
43.69
6.48
14.44
28.12
24.98
12.94
17.02
34.44
28.42
19.33
28.43
40.61
12.04
20.83
24.45
24.10
27.17
24.89
5.87
19.98
33.70
24.16
17.56
31.17
24.20
39.44
23.36
27.65
35.42
19.53
16.78
18.48
11.45
27.23
21.65
18.79
14.40
22.28
0.00
23.81
29.26
34.06
12.86
34.35
8.48
19.79
24.52
36.59
24.53
27.36
44.92
25.35
16.46
11.06
23.32
21.72
33.68
18.57
31.85
13.33
37.23
34.51
22.81
33.84
24.52
37.13
24.52
37.92
22.33
30.97
40.32
24.23
17.49
31.85
24.27
21.62
23.43
7.01
35.34
23.26
11.79
29.47
27.98
18.66
21.71
31.82
29.45
20.98
24.18
0.00
10.86
19.31
21.65
33.70
21.62
32.82
25.24
43.08
25.10
30.24
40.89
28.24
19.17
2.38
17.70
21.00
37.66
14.19
27.34
18.22
35.95
30.49
23.54
35.50
20.88
42.07
18.89
45.17
25.22
32.62
36.46
19.41
16.24
26.38
21.23
17.60
20.55
10.90
29.72
21.94
17.11
32.35
33.58
9.35
20.40
39.08
32.34
17.98
28.42
12.31
0.00
13.80
20.93
28.57
28.87
40.07
28.05
45.71
27.91
33.39
38.52
31.38
21.97
13.24
19.68
23.80
42.69
2.66
28.57
21.36
38.76
28.11
26.34
38.30
23.69
44.71
21.70
48.03
28.36
35.43
34.38
22.22
19.05
25.26
24.04
9.11
23.35
19.09
26.62
24.75
25.54
35.50
41.56
9.81
23.21
45.54
35.48
20.78
32.79
20.51
12.71
0.00
23.73
22.08
37.07
46.53
5.99
25.18
5.26
11.37
34.22
10.68
6.48
21.13
16.38
0.42
20.04
26.39
17.91
14.10
20.04
29.62
3.74
15.65
12.85
24.87
16.60
25.38
8.68
12.78
23.13
13.83
7.88
20.18
13.53
30.53
12.82
26.99
24.86
9.41
13.66
12.91
20.86
19.18
11.68
22.89
14.78
13.00
13.12
21.94
22.96
26.00
0.00
23.79
18.75
23.88
24.73
36.49
24.22
32.78
29.16
32.82
22.81
27.67
16.40
23.64
39.82
23.32
17.20
25.27
28.61
17.24
25.39
32.61
16.16
35.49
14.20
42.66
29.76
32.57
23.02
14.70
19.55
13.30
16.46
17.06
15.78
33.88
10.70
18.92
30.25
32.18
42.90
23.67
17.06
42.67
36.93
18.54
34.19
32.99
27.46
23.06
23.57
0.00
39.83
43.67
21.12
23.81
20.56
17.69
45.67
12.35
20.28
28.27
30.82
18.77
20.24
35.52
34.26
23.44
32.07
45.57
17.88
23.06
30.29
24.35
33.01
25.14
11.71
24.63
38.39
30.00
23.40
37.01
30.04
38.58
29.20
23.96
41.26
25.37
19.12
22.72
10.89
33.07
27.48
19.05
20.27
28.12
8.46
20.31
27.82
36.27
18.70
40.19
0.00
20.04
23.22
12.34
20.53
20.04
34.20
23.07
30.22
40.80
37.03
27.24
9.61
48.06
33.49
34.70
21.32
34.10
23.64
17.72
32.23
12.88
33.72
13.67
24.50
22.08
26.92
32.93
29.55
36.24
33.21
48.71
32.49
36.49
37.69
27.48
30.46
21.85
18.03
41.31
32.16
3.64
24.84
35.28
20.04
32.84
40.35
48.13
27.17
43.07
19.99
0.00
